1;PLANE;   4;-0.076;0.198;2.780;0.059;89.982;89.944;;-0.073;0.000
1;CIRCLE;   4;-9.962;0.018;0.018;180.000;90.000;90.000;;11.323;0.012
2;CIRCLE;   4;-8.616;0.014;14.993;180.000;90.000;90.000;;3.221;0.013
3;CIRCLE;   4;-7.730;0.075;14.977;180.000;90.000;90.000;;3.640;0.166
4;CIRCLE;   4;-9.179;0.000;-14.985;180.000;90.000;90.000;;3.218;0.010
5;CIRCLE;   4;-8.709;14.992;0.007;180.000;90.000;90.000;;3.220;0.013
6;CIRCLE;   4;-8.266;-14.990;0.001;180.000;90.000;90.000;;3.220;0.009
7;CIRCLE;   4;-20.082;0.009;0.042;180.000;90.000;90.000;;155.193;0.003
8;CIRCLE;   4;-10.582;-0.002;0.009;180.000;90.000;90.000;;11.324;0.013
9;CIRCLE;   4;-2.288;0.000;0.001;180.000;90.000;90.000;;37.507;0.013
1;PT-COMP;   1;-8.221;13.525;3.480
10;CIRCLE;   4;-22.464;0.003;15.035;180.000;90.000;90.000;;8.020;0.000
11;CIRCLE;   4;-23.182;0.008;-14.940;180.000;90.000;90.000;;8.016;0.003
12;CIRCLE;   4;-22.722;14.995;0.051;180.000;90.000;90.000;;8.018;0.003
13;CIRCLE;   4;-22.829;-14.982;0.047;180.000;90.000;90.000;;8.018;0.005
2;PT-COMP;   1;-83.160;-34.467;-59.344
3;PT-COMP;   1;-83.144;39.035;-56.626
4;PT-COMP;   1;-24.037;9.117;-10.750
5;PT-COMP;   1;-19.016;1.026;-12.736
14;CIRCLE;   4;-47.004;0.013;0.058;180.000;90.000;90.000;;122.195;0.031
1;DISTANCE;;-15.816;-4.408;0.000;;;;;16.419
2;DISTANCE;;-5.020;8.091;0.000;;;;;9.522
15;CIRCLE;&  4;-8.471;0.001;-0.003;177.103;90.846;87.230;;29.991;0.006
6;PT-COMP;   1;-19.016;15.903;-1.885
7;PT-COMP;   1;-18.987;-0.404;12.910
8;PT-COMP;   1;-19.009;-12.276;-0.095
