1;PLANE;   4;-0.096;0.191;2.776;0.083;90.015;89.919;;-0.092;0.004
1;CIRCLE;   4;-9.963;0.024;0.060;180.000;90.000;90.000;;11.319;0.002
2;CIRCLE;   4;-8.616;0.014;14.989;180.000;90.000;90.000;;3.220;0.003
3;CIRCLE;   4;-7.734;0.062;14.961;180.000;90.000;90.000;;3.625;0.185
4;CIRCLE;   4;-9.180;-0.004;-14.992;180.000;90.000;90.000;;3.219;0.006
5;CIRCLE;   4;-8.707;14.989;-0.003;180.000;90.000;90.000;;3.219;0.003
6;CIRCLE;   4;-8.265;-14.994;0.004;180.000;90.000;90.000;;3.220;0.006
7;CIRCLE;   4;-20.082;0.011;0.016;180.000;90.000;90.000;;155.208;0.022
8;CIRCLE;   4;-10.582;-0.004;0.005;180.000;90.000;90.000;;11.321;0.004
9;CIRCLE;   4;-2.287;-0.007;0.000;180.000;90.000;90.000;;37.504;0.005
1;PT-COMP;   1;-8.208;13.515;3.481
10;CIRCLE;   4;-22.462;0.017;15.010;180.000;90.000;90.000;;8.013;0.012
11;CIRCLE;   4;-23.181;0.016;-14.961;180.000;90.000;90.000;;8.009;0.010
12;CIRCLE;   4;-22.722;15.006;0.026;180.000;90.000;90.000;;8.011;0.007
13;CIRCLE;   4;-22.829;-14.970;0.029;180.000;90.000;90.000;;8.012;0.010
2;PT-COMP;   1;-83.121;-34.466;-59.343
3;PT-COMP;   1;-83.123;39.053;-56.656
4;PT-COMP;   1;-24.011;9.121;-10.746
5;PT-COMP;   1;-18.996;1.031;-12.734
14;CIRCLE;   4;-47.003;0.021;0.037;180.000;90.000;90.000;;122.181;0.038
1;DISTANCE;;-15.803;-4.394;0.000;;;;;16.402
2;DISTANCE;;-5.015;8.090;0.000;;;;;9.518
15;CIRCLE;&  4;-8.472;-0.002;-0.015;177.109;90.843;87.235;;29.987;0.001
6;PT-COMP;   1;-18.993;15.908;-1.885
7;PT-COMP;   1;-18.975;-0.395;12.914
8;PT-COMP;   1;-18.994;-12.267;-0.092
