1;PLANE;   4;-0.111;0.192;2.773;0.128;90.060;89.887;;-0.106;0.002
1;CIRCLE;   4;-9.962;0.017;0.072;180.000;90.000;90.000;;11.319;0.003
2;CIRCLE;   4;-8.615;0.013;14.993;180.000;90.000;90.000;;3.220;0.005
3;CIRCLE;   4;-7.728;0.059;14.962;180.000;90.000;90.000;;3.659;0.205
4;CIRCLE;   4;-9.179;-0.008;-14.990;180.000;90.000;90.000;;3.220;0.005
5;CIRCLE;   4;-8.708;14.989;-0.004;180.000;90.000;90.000;;3.219;0.005
6;CIRCLE;   4;-8.265;-14.994;0.009;180.000;90.000;90.000;;3.221;0.005
7;CIRCLE;   4;-20.082;-0.042;0.006;180.000;90.000;90.000;;155.241;0.034
8;CIRCLE;   4;-10.582;-0.002;0.006;180.000;90.000;90.000;;11.322;0.004
9;CIRCLE;   4;-2.288;-0.001;0.003;180.000;90.000;90.000;;37.506;0.005
1;PT-COMP;   1;-8.212;13.515;3.477
10;CIRCLE;   4;-22.467;-0.037;14.994;180.000;90.000;90.000;;8.018;0.011
11;CIRCLE;   4;-23.184;-0.040;-14.979;180.000;90.000;90.000;;8.014;0.013
12;CIRCLE;   4;-22.724;14.954;0.007;180.000;90.000;90.000;;8.014;0.010
13;CIRCLE;   4;-22.829;-15.025;0.011;180.000;90.000;90.000;;8.014;0.012
2;PT-COMP;   1;-83.148;-34.465;-59.344
3;PT-COMP;   1;-83.143;39.064;-56.653
4;PT-COMP;   1;-24.051;9.122;-10.749
5;PT-COMP;   1;-19.034;1.031;-12.735
14;CIRCLE;   4;-47.005;-0.027;0.033;180.000;90.000;90.000;;122.231;0.069
1;DISTANCE;;-15.839;-4.393;0.000;;;;;16.437
2;DISTANCE;;-5.017;8.091;0.000;;;;;9.520
15;CIRCLE;&  4;-8.470;-0.002;-0.014;177.100;90.844;87.225;;29.987;0.000
6;PT-COMP;   1;-19.030;15.909;-1.883
7;PT-COMP;   1;-19.015;-0.394;12.913
8;PT-COMP;   1;-19.033;-12.271;-0.092
