1;PLANE;   4;-0.159;0.190;2.768;0.167;89.937;89.846;;-0.151;0.001
1;CIRCLE;   4;-9.962;0.006;0.083;180.000;90.000;90.000;;11.314;0.011
2;CIRCLE;   4;-8.617;0.006;14.991;180.000;90.000;90.000;;3.216;0.008
3;CIRCLE;   4;-7.731;0.067;14.962;180.000;90.000;90.000;;3.645;0.179
4;CIRCLE;   4;-9.180;-0.002;-14.987;180.000;90.000;90.000;;3.218;0.008
5;CIRCLE;   4;-8.707;14.990;0.004;180.000;90.000;90.000;;3.216;0.009
6;CIRCLE;   4;-8.264;-14.991;0.001;180.000;90.000;90.000;;3.215;0.006
7;CIRCLE;   4;-20.082;0.001;0.022;180.000;90.000;90.000;;155.213;0.003
8;CIRCLE;   4;-10.583;-0.005;0.004;180.000;90.000;90.000;;11.318;0.009
9;CIRCLE;   4;-2.287;-0.004;0.000;180.000;90.000;90.000;;37.505;0.008
1;PT-COMP;   1;-8.202;13.515;3.475
10;CIRCLE;   4;-22.466;-0.005;15.010;180.000;90.000;90.000;;8.011;0.002
11;CIRCLE;   4;-23.181;-0.002;-14.962;180.000;90.000;90.000;;8.010;0.003
12;CIRCLE;   4;-22.723;14.982;0.029;180.000;90.000;90.000;;8.016;0.006
13;CIRCLE;   4;-22.829;-14.990;0.023;180.000;90.000;90.000;;8.014;0.007
2;PT-COMP;   1;-83.144;-34.464;-59.345
3;PT-COMP;   1;-83.112;39.029;-56.628
4;PT-COMP;   1;-24.023;9.120;-10.745
5;PT-COMP;   1;-19.003;1.032;-12.732
14;CIRCLE;   4;-47.004;0.012;0.026;180.000;90.000;90.000;;122.210;0.040
1;DISTANCE;;-15.820;-4.395;0.000;;;;;16.420
2;DISTANCE;;-5.019;8.087;0.000;;;;;9.518
15;CIRCLE;&  4;-8.470;0.000;-0.011;177.102;90.845;87.228;;29.984;0.001
6;PT-COMP;   1;-19.001;15.908;-1.882
7;PT-COMP;   1;-18.991;-0.394;12.916
8;PT-COMP;   1;-19.005;-12.265;-0.090
