1;PLANE;   4;-0.267;0.190;2.764;0.178;89.959;89.827;;-0.258;0.004
1;CIRCLE;   4;-9.963;0.048;0.144;180.000;90.000;90.000;;11.320;0.003
2;CIRCLE;   4;-8.616;0.014;14.993;180.000;90.000;90.000;;3.218;0.004
3;CIRCLE;   4;-7.730;0.068;14.966;180.000;90.000;90.000;;3.661;0.190
4;CIRCLE;   4;-9.178;-0.005;-14.992;180.000;90.000;90.000;;3.218;0.004
5;CIRCLE;   4;-8.704;14.988;-0.003;180.000;90.000;90.000;;3.219;0.003
6;CIRCLE;   4;-8.264;-14.995;0.005;180.000;90.000;90.000;;3.217;0.005
7;CIRCLE;   4;-20.081;-0.011;-0.016;180.000;90.000;90.000;;155.190;0.007
8;CIRCLE;   4;-10.582;-0.004;0.002;180.000;90.000;90.000;;11.322;0.003
9;CIRCLE;   4;-2.288;-0.002;-0.001;180.000;90.000;90.000;;37.506;0.002
1;PT-COMP;   1;-8.197;13.515;3.474
10;CIRCLE;   4;-22.463;-0.009;14.961;180.000;90.000;90.000;;8.014;0.011
11;CIRCLE;   4;-23.182;-0.014;-15.007;180.000;90.000;90.000;;8.012;0.011
12;CIRCLE;   4;-22.724;14.979;-0.024;180.000;90.000;90.000;;8.012;0.006
13;CIRCLE;   4;-22.829;-14.994;-0.017;180.000;90.000;90.000;;8.007;0.011
2;PT-COMP;   1;-83.118;-34.461;-59.346
3;PT-COMP;   1;-83.141;39.042;-56.646
4;PT-COMP;   1;-24.043;9.120;-10.745
5;PT-COMP;   1;-19.025;1.032;-12.731
14;CIRCLE;   4;-47.005;-0.009;-0.002;180.000;90.000;90.000;;122.190;0.049
1;DISTANCE;;-15.845;-4.396;0.000;;;;;16.444
2;DISTANCE;;-5.018;8.088;0.000;;;;;9.518
15;CIRCLE;&  4;-8.469;-0.003;-0.012;177.107;90.839;87.231;;29.990;0.003
6;PT-COMP;   1;-19.024;15.910;-1.883
7;PT-COMP;   1;-19.011;-0.393;12.911
8;PT-COMP;   1;-19.026;-12.267;-0.088
