1;PLANE;   4;-0.322;0.189;2.760;0.207;89.968;89.795;;-0.312;0.004
1;CIRCLE;   4;-9.963;0.095;0.161;180.000;90.000;90.000;;11.321;0.003
2;CIRCLE;   4;-8.616;0.023;14.996;180.000;90.000;90.000;;3.218;0.001
3;CIRCLE;   4;-7.727;0.068;14.955;180.000;90.000;90.000;;3.690;0.202
4;CIRCLE;   4;-9.179;-0.007;-14.993;180.000;90.000;90.000;;3.218;0.004
5;CIRCLE;   4;-8.706;14.988;-0.004;180.000;90.000;90.000;;3.219;0.003
6;CIRCLE;   4;-8.265;-14.995;0.005;180.000;90.000;90.000;;3.217;0.004
7;CIRCLE;   4;-20.082;-0.030;0.000;180.000;90.000;90.000;;155.230;0.021
8;CIRCLE;   4;-10.582;-0.004;0.003;180.000;90.000;90.000;;11.323;0.004
9;CIRCLE;   4;-2.287;-0.002;-0.003;180.000;90.000;90.000;;37.505;0.003
1;PT-COMP;   1;-8.198;13.516;3.472
10;CIRCLE;   4;-22.464;-0.023;14.979;180.000;90.000;90.000;;8.018;0.012
11;CIRCLE;   4;-23.183;-0.028;-14.995;180.000;90.000;90.000;;8.013;0.011
12;CIRCLE;   4;-22.723;14.966;-0.009;180.000;90.000;90.000;;8.015;0.006
13;CIRCLE;   4;-22.828;-15.011;-0.004;180.000;90.000;90.000;;8.013;0.009
2;PT-COMP;   1;-83.139;-34.462;-59.346
3;PT-COMP;   1;-83.148;39.050;-56.649
4;PT-COMP;   1;-24.073;9.118;-10.745
5;PT-COMP;   1;-19.055;1.030;-12.732
14;CIRCLE;   4;-47.004;-0.016;0.014;180.000;90.000;90.000;;122.229;0.054
1;DISTANCE;;-15.875;-4.398;0.000;;;;;16.473
2;DISTANCE;;-5.018;8.088;0.000;;;;;9.518
15;CIRCLE;&  4;-8.469;-0.003;-0.018;177.098;90.841;87.223;;29.985;0.002
6;PT-COMP;   1;-19.055;15.910;-1.883
7;PT-COMP;   1;-19.046;-0.395;12.914
8;PT-COMP;   1;-19.056;-12.270;-0.089
