1;PLANE;   4;-0.237;0.191;2.763;0.173;89.985;89.828;;-0.229;0.003
1;CIRCLE;   4;-9.963;-0.006;0.142;180.000;90.000;90.000;;11.319;0.003
2;CIRCLE;   4;-8.616;0.007;14.993;180.000;90.000;90.000;;3.219;0.003
3;CIRCLE;   4;-7.728;0.070;14.958;180.000;90.000;90.000;;3.672;0.197
4;CIRCLE;   4;-9.178;-0.003;-14.993;180.000;90.000;90.000;;3.219;0.005
5;CIRCLE;   4;-8.707;14.990;-0.002;180.000;90.000;90.000;;3.220;0.003
6;CIRCLE;   4;-8.264;-14.990;0.005;180.000;90.000;90.000;;3.217;0.005
7;CIRCLE;   4;-20.082;-0.015;0.003;180.000;90.000;90.000;;155.264;0.003
8;CIRCLE;   4;-10.582;0.000;0.003;180.000;90.000;90.000;;11.322;0.004
9;CIRCLE;   4;-2.288;0.000;0.001;180.000;90.000;90.000;;37.504;0.005
1;PT-COMP;   1;-8.200;13.515;3.472
10;CIRCLE;   4;-22.461;-0.011;14.988;180.000;90.000;90.000;;8.020;0.011
11;CIRCLE;   4;-23.180;-0.015;-14.993;180.000;90.000;90.000;;8.019;0.011
12;CIRCLE;   4;-22.723;14.982;-0.003;180.000;90.000;90.000;;8.021;0.009
13;CIRCLE;   4;-22.829;-15.004;0.001;180.000;90.000;90.000;;8.019;0.010
2;PT-COMP;   1;-83.119;-34.462;-59.346
3;PT-COMP;   1;-83.140;39.042;-56.649
4;PT-COMP;   1;-24.037;9.120;-10.744
5;PT-COMP;   1;-19.021;1.032;-12.730
14;CIRCLE;   4;-47.003;-0.009;0.014;180.000;90.000;90.000;;122.238;0.040
1;DISTANCE;;-15.837;-4.395;0.000;;;;;16.436
2;DISTANCE;;-5.016;8.088;0.000;;;;;9.517
15;CIRCLE;&  4;-8.469;0.000;-0.016;177.099;90.845;87.226;;29.985;0.001
6;PT-COMP;   1;-19.021;15.908;-1.880
7;PT-COMP;   1;-19.012;-0.392;12.918
8;PT-COMP;   1;-19.021;-12.265;-0.088
