1;PLANE;   4;-0.371;0.191;2.762;0.207;89.961;89.796;;-0.361;0.005
1;CIRCLE;   4;-9.962;0.095;0.187;180.000;90.000;90.000;;11.320;0.003
2;CIRCLE;   4;-8.615;0.027;14.993;180.000;90.000;90.000;;3.220;0.003
3;CIRCLE;   4;-7.724;0.070;14.954;180.000;90.000;90.000;;3.679;0.199
4;CIRCLE;   4;-9.180;-0.005;-14.993;180.000;90.000;90.000;;3.219;0.006
5;CIRCLE;   4;-8.705;14.991;-0.004;180.000;90.000;90.000;;3.219;0.004
6;CIRCLE;   4;-8.264;-14.996;0.006;180.000;90.000;90.000;;3.226;0.004
7;CIRCLE;   4;-20.082;-0.018;-0.007;180.000;90.000;90.000;;155.258;0.008
8;CIRCLE;   4;-10.581;-0.003;0.002;180.000;90.000;90.000;;11.322;0.004
9;CIRCLE;   4;-2.288;-0.002;0.000;180.000;90.000;90.000;;37.510;0.003
1;PT-COMP;   1;-8.198;13.516;3.473
10;CIRCLE;   4;-22.464;-0.013;14.978;180.000;90.000;90.000;;8.015;0.012
11;CIRCLE;   4;-23.182;-0.017;-15.000;180.000;90.000;90.000;;8.013;0.012
12;CIRCLE;   4;-22.723;14.980;-0.013;180.000;90.000;90.000;;8.017;0.008
13;CIRCLE;   4;-22.828;-15.005;-0.007;180.000;90.000;90.000;;8.013;0.010
2;PT-COMP;   1;-83.121;-34.461;-59.347
3;PT-COMP;   1;-83.143;39.059;-56.653
4;PT-COMP;   1;-24.035;9.119;-10.744
5;PT-COMP;   1;-19.015;1.032;-12.731
14;CIRCLE;   4;-47.004;-0.016;0.003;180.000;90.000;90.000;;122.234;0.048
1;DISTANCE;;-15.837;-4.397;0.000;;;;;16.435
2;DISTANCE;;-5.019;8.088;0.000;;;;;9.519
15;CIRCLE;&  4;-8.469;-0.002;-0.019;177.091;90.842;87.216;;29.986;0.004
6;PT-COMP;   1;-19.017;15.908;-1.880
7;PT-COMP;   1;-19.006;-0.394;12.918
8;PT-COMP;   1;-19.016;-12.268;-0.088
