1;PLANE;   4;-0.324;0.190;2.762;0.234;89.916;89.782;;-0.313;0.004
1;CIRCLE;   4;-9.963;0.006;0.130;180.000;90.000;90.000;;11.321;0.011
2;CIRCLE;   4;-8.616;0.005;14.995;180.000;90.000;90.000;;3.215;0.007
3;CIRCLE;   4;-7.730;0.074;14.966;180.000;90.000;90.000;;3.661;0.178
4;CIRCLE;   4;-9.179;-0.003;-14.991;180.000;90.000;90.000;;3.218;0.009
5;CIRCLE;   4;-8.707;14.991;0.002;180.000;90.000;90.000;;3.217;0.007
6;CIRCLE;   4;-8.265;-14.992;0.001;180.000;90.000;90.000;;3.216;0.009
7;CIRCLE;   4;-20.082;0.000;0.033;180.000;90.000;90.000;;155.270;0.021
8;CIRCLE;   4;-10.582;-0.002;0.001;180.000;90.000;90.000;;11.323;0.010
9;CIRCLE;   4;-2.288;0.000;-0.002;180.000;90.000;90.000;;37.509;0.012
1;PT-COMP;   1;-8.179;13.515;3.473
10;CIRCLE;   4;-22.464;0.002;15.024;180.000;90.000;90.000;;8.018;0.003
11;CIRCLE;   4;-23.180;0.001;-14.956;180.000;90.000;90.000;;8.018;0.004
12;CIRCLE;   4;-22.722;14.992;0.036;180.000;90.000;90.000;;8.022;0.005
13;CIRCLE;   4;-22.828;-14.989;0.035;180.000;90.000;90.000;;8.020;0.004
2;PT-COMP;   1;-83.130;-34.461;-59.346
3;PT-COMP;   1;-83.093;39.030;-56.631
4;PT-COMP;   1;-24.039;9.121;-10.747
5;PT-COMP;   1;-19.021;1.032;-12.731
14;CIRCLE;   4;-47.004;0.012;0.027;180.000;90.000;90.000;;122.247;0.061
1;DISTANCE;;-15.861;-4.393;0.000;;;;;16.458
2;DISTANCE;;-5.019;8.090;0.000;;;;;9.520
15;CIRCLE;&  4;-8.470;0.000;-0.011;177.102;90.845;87.228;;29.990;0.003
6;PT-COMP;   1;-19.020;15.915;-1.893
7;PT-COMP;   1;-19.015;-0.394;12.918
8;PT-COMP;   1;-19.020;-12.267;-0.088
