1;PLANE;   4;-0.215;0.191;2.763;0.211;89.924;89.803;;-0.205;0.004
1;CIRCLE;   4;-9.962;-0.027;0.135;180.000;90.000;90.000;;11.322;0.010
2;CIRCLE;   4;-8.618;-0.004;14.996;180.000;90.000;90.000;;3.215;0.008
3;CIRCLE;   4;-7.726;0.073;14.964;180.000;90.000;90.000;;3.687;0.190
4;CIRCLE;   4;-9.180;-0.003;-14.993;180.000;90.000;90.000;;3.218;0.009
5;CIRCLE;   4;-8.709;14.997;0.001;180.000;90.000;90.000;;3.217;0.008
6;CIRCLE;   4;-8.263;-14.993;0.002;180.000;90.000;90.000;;3.220;0.007
7;CIRCLE;   4;-20.081;0.006;0.026;180.000;90.000;90.000;;155.265;0.003
8;CIRCLE;   4;-10.582;0.001;0.001;180.000;90.000;90.000;;11.321;0.008
9;CIRCLE;   4;-2.288;-0.001;0.001;180.000;90.000;90.000;;37.512;0.009
1;PT-COMP;   1;-8.205;13.515;3.472
10;CIRCLE;   4;-22.463;0.003;15.011;180.000;90.000;90.000;;8.012;0.004
11;CIRCLE;   4;-23.182;0.001;-14.967;180.000;90.000;90.000;;8.012;0.004
12;CIRCLE;   4;-22.723;14.993;0.023;180.000;90.000;90.000;;8.015;0.005
13;CIRCLE;   4;-22.829;-14.987;0.021;180.000;90.000;90.000;;8.013;0.006
2;PT-COMP;   1;-83.138;-34.461;-59.346
3;PT-COMP;   1;-83.111;39.030;-56.632
4;PT-COMP;   1;-24.049;9.121;-10.744
5;PT-COMP;   1;-19.034;1.032;-12.731
14;CIRCLE;   4;-47.005;0.011;0.026;180.000;90.000;90.000;;122.222;0.043
1;DISTANCE;;-15.844;-4.394;0.000;;;;;16.442
2;DISTANCE;;-5.015;8.088;0.000;;;;;9.517
15;CIRCLE;&  4;-8.470;0.002;-0.014;177.092;90.851;87.219;;29.993;0.000
6;PT-COMP;   1;-19.034;15.909;-1.881
7;PT-COMP;   1;-19.030;-0.393;12.918
8;PT-COMP;   1;-19.034;-12.268;-0.087
