1;PLANE;   4;-0.296;0.190;2.762;0.239;89.927;89.773;;-0.284;0.004
1;CIRCLE;   4;-9.962;-0.003;0.161;180.000;90.000;90.000;;11.321;0.010
2;CIRCLE;   4;-8.618;0.002;14.996;180.000;90.000;90.000;;3.216;0.009
3;CIRCLE;   4;-7.728;0.071;14.967;180.000;90.000;90.000;;3.674;0.185
4;CIRCLE;   4;-9.180;-0.003;-14.991;180.000;90.000;90.000;;3.216;0.009
5;CIRCLE;   4;-8.706;14.993;0.003;180.000;90.000;90.000;;3.217;0.008
6;CIRCLE;   4;-8.264;-14.993;0.002;180.000;90.000;90.000;;3.219;0.006
7;CIRCLE;   4;-20.081;-0.024;0.012;180.000;90.000;90.000;;155.260;0.033
8;CIRCLE;   4;-10.582;-0.004;0.001;180.000;90.000;90.000;;11.323;0.009
9;CIRCLE;   4;-2.288;-0.003;-0.002;180.000;90.000;90.000;;37.507;0.010
1;PT-COMP;   1;-8.197;13.517;3.470
10;CIRCLE;   4;-22.466;-0.029;14.998;180.000;90.000;90.000;;8.015;0.005
11;CIRCLE;   4;-23.183;-0.028;-14.981;180.000;90.000;90.000;;8.012;0.003
12;CIRCLE;   4;-22.724;14.960;0.010;180.000;90.000;90.000;;8.017;0.007
13;CIRCLE;   4;-22.829;-15.016;0.009;180.000;90.000;90.000;;8.013;0.005
2;PT-COMP;   1;-83.150;-34.461;-59.347
3;PT-COMP;   1;-83.112;39.029;-56.631
4;PT-COMP;   1;-24.064;9.121;-10.747
5;PT-COMP;   1;-19.048;1.032;-12.731
14;CIRCLE;   4;-47.005;-0.014;0.015;180.000;90.000;90.000;;122.222;0.067
1;DISTANCE;;-15.866;-4.396;0.000;;;;;16.464
2;DISTANCE;;-5.016;8.089;0.000;;;;;9.518
15;CIRCLE;&  4;-8.469;0.000;-0.011;177.098;90.842;87.224;;29.992;0.002
6;PT-COMP;   1;-19.045;15.914;-1.889
7;PT-COMP;   1;-19.041;-0.392;12.918
8;PT-COMP;   1;-19.050;-12.269;-0.089
