1;PLANE;   4;-0.219;0.192;2.763;0.165;89.951;89.842;;-0.211;0.004
1;CIRCLE;   4;-9.962;0.042;0.132;180.000;90.000;90.000;;11.322;0.003
2;CIRCLE;   4;-8.615;0.010;14.991;180.000;90.000;90.000;;3.219;0.001
3;CIRCLE;   4;-7.727;0.067;14.950;180.000;90.000;90.000;;3.678;0.196
4;CIRCLE;   4;-9.179;-0.003;-14.996;180.000;90.000;90.000;;3.219;0.005
5;CIRCLE;   4;-8.708;14.992;-0.002;180.000;90.000;90.000;;3.219;0.003
6;CIRCLE;   4;-8.264;-14.994;0.001;180.000;90.000;90.000;;3.219;0.009
7;CIRCLE;   4;-20.083;0.016;0.012;180.000;90.000;90.000;;155.275;0.016
8;CIRCLE;   4;-10.582;-0.002;0.000;180.000;90.000;90.000;;11.323;0.004
9;CIRCLE;   4;-2.288;-0.004;0.000;180.000;90.000;90.000;;37.510;0.004
1;PT-COMP;   1;-8.199;13.516;3.472
10;CIRCLE;   4;-22.460;0.030;15.007;180.000;90.000;90.000;;8.016;0.012
11;CIRCLE;   4;-23.180;0.027;-14.976;180.000;90.000;90.000;;8.018;0.012
12;CIRCLE;   4;-22.721;15.024;0.016;180.000;90.000;90.000;;8.017;0.007
13;CIRCLE;   4;-22.828;-14.962;0.020;180.000;90.000;90.000;;8.015;0.008
2;PT-COMP;   1;-83.119;-34.460;-59.346
3;PT-COMP;   1;-83.134;39.042;-56.643
4;PT-COMP;   1;-24.057;9.119;-10.745
5;PT-COMP;   1;-19.038;1.031;-12.731
14;CIRCLE;   4;-47.005;0.018;0.008;180.000;90.000;90.000;;122.269;0.052
1;DISTANCE;;-15.858;-4.396;0.000;;;;;16.456
2;DISTANCE;;-5.019;8.088;0.000;;;;;9.519
15;CIRCLE;&  4;-8.470;-0.001;-0.022;177.095;90.847;87.221;;29.986;0.004
6;PT-COMP;   1;-19.037;15.909;-1.881
7;PT-COMP;   1;-19.031;-0.394;12.918
8;PT-COMP;   1;-19.041;-12.269;-0.088
