1;PLANE;   4;-0.381;0.190;2.760;0.232;89.943;89.776;;-0.370;0.004
1;CIRCLE;   4;-9.963;0.038;0.216;180.000;90.000;90.000;;11.322;0.011
2;CIRCLE;   4;-8.616;0.019;14.995;180.000;90.000;90.000;;3.218;0.010
3;CIRCLE;   4;-7.726;0.070;14.946;180.000;90.000;90.000;;3.693;0.191
4;CIRCLE;   4;-9.179;-0.003;-14.995;180.000;90.000;90.000;;3.219;0.009
5;CIRCLE;   4;-8.707;14.994;0.003;180.000;90.000;90.000;;3.218;0.007
6;CIRCLE;   4;-8.264;-14.995;-0.003;180.000;90.000;90.000;;3.225;0.007
7;CIRCLE;   4;-20.082;-0.009;-0.023;180.000;90.000;90.000;;155.241;0.012
8;CIRCLE;   4;-10.581;-0.003;0.001;180.000;90.000;90.000;;11.323;0.010
9;CIRCLE;   4;-2.288;-0.004;-0.003;180.000;90.000;90.000;;37.521;0.005
1;PT-COMP;   1;-8.204;13.515;3.472
10;CIRCLE;   4;-22.464;0.001;14.967;180.000;90.000;90.000;;8.014;0.004
11;CIRCLE;   4;-23.181;0.007;-15.016;180.000;90.000;90.000;;8.012;0.002
12;CIRCLE;   4;-22.723;14.993;-0.021;180.000;90.000;90.000;;8.017;0.006
13;CIRCLE;   4;-22.829;-14.985;-0.028;180.000;90.000;90.000;;8.014;0.005
2;PT-COMP;   1;-83.165;-34.461;-59.348
3;PT-COMP;   1;-83.129;39.029;-56.630
4;PT-COMP;   1;-24.044;9.119;-10.745
5;PT-COMP;   1;-19.028;1.032;-12.731
14;CIRCLE;   4;-47.004;-0.001;-0.016;180.000;90.000;90.000;;122.237;0.047
1;DISTANCE;;-15.840;-4.396;0.000;;;;;16.439
2;DISTANCE;;-5.016;8.087;0.000;;;;;9.516
15;CIRCLE;&  4;-8.469;0.000;-0.023;177.094;90.846;87.220;;29.985;0.008
6;PT-COMP;   1;-19.025;15.909;-1.880
7;PT-COMP;   1;-19.016;-0.393;12.916
8;PT-COMP;   1;-19.025;-12.267;-0.088
