1;PLANE;   4;-0.380;0.192;2.760;0.230;90.020;89.771;;-0.369;0.005
1;CIRCLE;   4;-9.963;0.068;0.195;180.000;90.000;90.000;;11.322;0.002
2;CIRCLE;   4;-8.619;0.029;14.993;180.000;90.000;90.000;;3.219;0.000
3;CIRCLE;   4;-7.728;0.070;14.960;180.000;90.000;90.000;;3.674;0.197
4;CIRCLE;   4;-9.179;-0.007;-14.995;180.000;90.000;90.000;;3.217;0.005
5;CIRCLE;   4;-8.706;14.989;-0.006;180.000;90.000;90.000;;3.219;0.005
6;CIRCLE;   4;-8.264;-14.996;0.005;180.000;90.000;90.000;;3.223;0.004
7;CIRCLE;   4;-20.081;-0.016;0.000;180.000;90.000;90.000;;155.264;0.022
8;CIRCLE;   4;-10.582;-0.002;0.000;180.000;90.000;90.000;;11.322;0.003
9;CIRCLE;   4;-2.288;-0.002;0.001;180.000;90.000;90.000;;37.509;0.004
1;PT-COMP;   1;-8.200;13.517;3.471
10;CIRCLE;   4;-22.464;-0.008;14.987;180.000;90.000;90.000;;8.017;0.012
11;CIRCLE;   4;-23.180;-0.015;-14.993;180.000;90.000;90.000;;8.019;0.011
12;CIRCLE;   4;-22.723;14.984;-0.004;180.000;90.000;90.000;;8.020;0.009
13;CIRCLE;   4;-22.829;-15.001;0.002;180.000;90.000;90.000;;8.020;0.012
2;PT-COMP;   1;-83.127;-34.461;-59.347
3;PT-COMP;   1;-83.136;39.054;-56.663
4;PT-COMP;   1;-24.049;9.118;-10.744
5;PT-COMP;   1;-19.030;1.031;-12.731
14;CIRCLE;   4;-47.005;-0.008;0.012;180.000;90.000;90.000;;122.231;0.060
1;DISTANCE;;-15.849;-4.399;0.000;;;;;16.448
2;DISTANCE;;-5.018;8.087;0.000;;;;;9.518
15;CIRCLE;&  4;-8.469;-0.003;-0.016;177.099;90.842;87.224;;29.989;0.001
6;PT-COMP;   1;-19.028;15.908;-1.881
7;PT-COMP;   1;-19.018;-0.395;12.918
8;PT-COMP;   1;-19.030;-12.269;-0.088
