1;PLANE;   4;-0.280;0.189;2.762;0.235;89.863;89.809;;-0.270;0.006
1;CIRCLE;   4;-9.962;0.010;0.176;180.000;90.000;90.000;;11.321;0.010
2;CIRCLE;   4;-8.616;0.004;14.994;180.000;90.000;90.000;;3.214;0.005
3;CIRCLE;   4;-7.726;0.066;14.957;180.000;90.000;90.000;;3.680;0.196
4;CIRCLE;   4;-9.178;0.000;-14.986;180.000;90.000;90.000;;3.208;0.013
5;CIRCLE;   4;-8.707;14.994;0.003;180.000;90.000;90.000;;3.216;0.008
6;CIRCLE;   4;-8.264;-14.993;-0.005;180.000;90.000;90.000;;3.219;0.006
7;CIRCLE;   4;-20.082;0.013;-0.011;180.000;90.000;90.000;;155.254;0.011
8;CIRCLE;   4;-10.581;-0.002;0.000;180.000;90.000;90.000;;11.323;0.009
9;CIRCLE;   4;-2.288;-0.002;0.001;180.000;90.000;90.000;;37.507;0.009
1;PT-COMP;   1;-8.201;13.514;3.473
10;CIRCLE;   4;-22.462;0.025;14.976;180.000;90.000;90.000;;8.014;0.001
11;CIRCLE;   4;-23.180;0.032;-15.005;180.000;90.000;90.000;;8.014;0.002
12;CIRCLE;   4;-22.722;15.020;-0.010;180.000;90.000;90.000;;8.013;0.011
13;CIRCLE;   4;-22.828;-14.961;-0.020;180.000;90.000;90.000;;8.015;0.004
2;PT-COMP;   1;-83.141;-34.461;-59.347
3;PT-COMP;   1;-83.119;39.028;-56.629
4;PT-COMP;   1;-24.051;9.119;-10.744
5;PT-COMP;   1;-19.033;1.032;-12.730
14;CIRCLE;   4;-47.005;0.011;-0.005;180.000;90.000;90.000;;122.230;0.047
1;DISTANCE;;-15.850;-4.395;0.000;;;;;16.448
2;DISTANCE;;-5.019;8.087;0.000;;;;;9.518
15;CIRCLE;&  4;-8.469;0.001;-0.014;177.097;90.846;87.223;;29.984;0.005
6;PT-COMP;   1;-19.037;15.909;-1.880
7;PT-COMP;   1;-19.026;-0.393;12.917
8;PT-COMP;   1;-19.031;-12.268;-0.088
